1.115507 16 5 0
1.068794 32 5 0
1.246426 64 5 0
1.183977 128 5 0
1.173998 256 5 0
1.204968 512 5 0
1.221218 1024 5 0
1.209133 2048 5 0
1.198180 4096 5 0
1.199318 8192 5 0
1.199182 16384 5 0
1.202934 32768 5 0
3.307324 16 5 2
4.297139 32 5 2
6.602234 64 5 2
9.578334 128 5 2
14.849483 256 5 2
21.291656 512 5 2
29.561783 1024 5 2
47.439270 2048 5 2
60.764965 4096 5 2
90.830002 8192 5 2
121.576340 16384 5 2
178.000031 32768 5 2
4.905358 16 5 3
6.924654 32 5 3
11.212751 64 5 3
17.792881 128 5 3
27.892788 256 5 3
43.423256 512 5 3
68.249435 1024 5 3
107.466835 2048 5 3
169.469208 4096 5 3
267.027985 8192 5 3
422.485168 16384 5 3
669.201538 32768 5 3
6.350883 16 5 4
10.264460 32 5 4
17.396557 64 5 4
28.211782 128 5 4
46.783009 256 5 4
78.073608 512 5 4
129.605927 1024 5 4
216.575729 2048 5 4
361.943665 4096 5 4
603.576782 8192 5 4
1008.332031 16384 5 4
1688.827148 32768 5 4
